Services
Bank
Casinos
Industrial
Security Systems
Pharma
Coaching
Instruments
Technology
Information Systems
Software
Power
Solar
Insurance
Consulting
Systems
Telecommunications
Financial Services
Travel
Soft Drinks
Health Insurance
Electronics
Engineering
Packaging
Automation
Technology
Solutions
Congress
Chemical
Automotive
Investment
Car Rental
Media
Oil
Carbon
Television
Tobacco
Sports
Energy
Motors
Foods
Retail
Press
Realty
Computers
Automobile
Media
Leasing
Stock Exchange
Fashion
Health Care
Computers
Marketing
Internet
Broker
Bio Industries
Diagnostics
Bioscience
Technologies
Telecom
Recruitment
Electronic
Semiconductors
Express
Services
Software Technology
Financial Systems
Management Consultants
Management Consulting
Automotive Systems
Operations Services
Business Technology Consulting
Real Estate
Media Research
Strategy Consultants
Information Systems
Consulting & Engineering
Systems Integration
Internet Park
Systems & Service
Information Management
IT Management
Military Aircraft
